0 0 0 0 0 1621.06 304.397
16.2606 7338 4336.59 0.234162 0.155082
23.7705 14676 8984.15 0.159413 0.101286
29.6049 22014 13609.8 0.121666 0.0785087
34.8081 29352 18427.1 0.0963449 0.0647402
39.645 36690 23453 0.0803365 0.0552544
44.0923 44028 28512.1 0.0705713 0.0484214
48.1849 51366 33518.5 0.0612805 0.043286
52.2942 58704 38866.4 0.0536968 0.0389709
56.1533 66042 44167.3 0.0484148 0.0355199
59.9459 73380 49627.4 0.0442306 0.0325835
63.5126 80718 54978.7 0.0401076 0.0301603
67.1581 88056 60655.2 0.0362015 0.0279662
70.6708 95394 66314.6 0.0337987 0.0260807
74.0804 102732 71978.3 0.0311459 0.0244341
77.5017 110070 77823.3 0.0287733 0.0229388
80.8404 117408 83677 0.0267836 0.0216119
84.1733 124746 89662.1 0.0248842 0.0204017
87.4652 132084 95707.2 0.0235909 0.0193053
90.6477 139422 101672 0.0221849 0.0183286
93.8698 146760 107828 0.0206648 0.0174143
97.0619 154098 114038 0.0194509 0.0165748
100.243 161436 120332 0.0183094 0.0157975
103.41 168774 126699 0.0173893 0.0150768
106.524 176112 133056 0.0165566 0.0144149
109.626 183450 139475 0.0158324 0.0137981
112.664 190788 145846 0.0149781 0.0132311
115.766 198126 152435 0.0140543 0.012687
118.864 205464 159093 0.0134689 0.0121762
121.905 212802 165703 0.0128651 0.0117037
124.972 220140 172441 0.0121991 0.011254
128.034 227478 179240 0.0114744 0.0108297
131.178 234816 186289 0.0107913 0.0104182
134.323 242154 193407 0.0103297 0.0100289
137.445 249492 200536 0.00976837 0.00966312
140.65 256830 207921 0.00919102 0.00930739
143.867 264168 215396 0.00888007 0.00896908
147.006 271506 222745 0.00855426 0.008656
150.184 278844 230244 0.00811035 0.00835475
153.389 286182 237861 0.00779652 0.00806603
156.551 293520 245428 0.00756479 0.00779504
159.689 300858 252983 0.00736055 0.00753892
162.774 308196 260460 0.00722759 0.00729863
165.788 315534 267805 0.00697893 0.00707435
168.861 322872 275334 0.00675202 0.00685571
171.856 330210 282708 0.00657648 0.00665182
174.873 337548 290176 0.00634595 0.00645496
177.874 344886 297636 0.00630152 0.00626737
180.733 352224 304776 0.006224 0.0060957
183.618 359562 312008 0.0060383 0.00592923
186.47 366900 319187 0.00593519 0.00577086
189.277 374238 326278 0.00579126 0.00562081
192.099 381576 333430 0.0056544 0.00547548
194.875 388914 340490 0.00557334 0.00533763
197.617 396252 347486 0.00545364 0.00520621
200.358 403590 354500 0.00538015 0.00507936
203.026 410928 361343 0.0053827 0.00496008
205.623 418266 368025 0.0053361 0.00484766
208.202 425604 374676 0.00520962 0.00473956
210.794 432942 381376 0.00514474 0.00463428
213.312 440280 387897 0.00507208 0.00453516
215.854 447618 394498 0.00497927 0.00443804
218.346 454956 400979 0.00494677 0.00434567
220.807 462294 407391 0.00488531 0.00425707
223.25 469632 413768 0.00484879 0.00417159
225.64 476970 420018 0.00482781 0.00409026
228.001 484308 426202 0.00471382 0.00401207
230.405 491646 432508 0.00460179 0.00393459
232.782 498984 438751 0.00451898 0.00386003
235.175 506322 445043 0.00439737 0.00378696
237.584 513660 451389 0.00432017 0.0037153
239.964 520998 457665 0.00432968 0.00364635
242.269 528336 463750 0.00425323 0.00358127
244.642 535674 470021 0.00415693 0.00351595
246.964 543012 476164 0.00409493 0.00345362
249.317 550350 482397 0.00401528 0.00339199
251.643 557688 488562 0.00401312 0.00333259
253.913 565026 494586 0.00396413 0.00327598
256.212 572364 500690 0.00386758 0.00322001
258.513 579702 506804 0.00378216 0.00316532
260.833 587040 512972 0.00366604 0.00311148
263.195 594378 519259 0.00357191 0.00305793
265.553 601716 525536 0.00351074 0.00300576
267.913 609054 531824 0.0033597 0.00295477
270.395 616392 538440 0.00320292 0.00290242
272.9 623730 545122 0.00307324 0.00285087
275.496 631068 552052 0.00294139 0.00279877
278.131 638406 559085 0.002798 0.00274724
280.891 645744 566458 0.0026446 0.00269465
283.727 653082 574037 0.00250579 0.00264205
286.679 660420 581929 0.00238982 0.00258878
289.673 667758 589933 0.00230552 0.00253628
292.716 675096 598072 0.00221774 0.00248439
295.818 682434 606372 0.00215386 0.00243299
298.912 689772 614650 0.00206757 0.00238318
302.139 697110 623284 0.00197716 0.00233271
305.382 704448 631964 0.00190038 0.00228344
308.727 711786 640915 0.00180936 0.00223412
312.153 719124 650083 0.00175357 0.00218511
315.562 726462 659203 0.00170896 0.0021378
319.016 733800 668440 0.00164691 0.0020913
322.529 741138 677837 0.00158811 0.00204539
326.084 748476 687340 0.00156376 0.00200034
329.554 755814 696612 0.00153184 0.00195768
333.103 763152 706093 0.00148367 0.00191531
336.648 770490 715558 0.00146606 0.00187424
340.133 777828 724857 0.00143168 0.00183503
343.698 785166 734366 0.00139332 0.00179607
347.229 792504 743776 0.00137155 0.0017586
350.761 799842 753183 0.00133499 0.00172217
354.339 807180 762707 0.0012755 0.00168631
358.052 814518 772582 0.00122305 0.00165017
361.787 821856 782507 0.00121254 0.00161487
365.411 829194 792130 0.00119515 0.0015816
369.104 836532 801926 0.00117678 0.00154865
372.697 843870 811446 0.00115247 0.00151749
376.399 851208 821247 0.00109862 0.00148627
380.199 858546 831298 0.00107794 0.00145512
383.895 865884 841061 0.00107893 0.00142568
387.544 873222 850691 0.00106204 0.00139739
391.216 880560 860370 0.00104975 0.0013697
394.814 887898 869842 0.00103529 0.00134329
398.453 895236 879411 0.00102498 0.00131728
401.992 902574 888706 0.0010367 0.00129263
405.425 909912 897713 0.00102866 0.00126931
408.899 917250 906814 0.0010121 0.0012463
412.327 924588 915786 0.00100222 0.00122415
415.753 931926 924740 0.000985682 0.00120254
419.182 939264 933690 0.000976541 0.00118142
422.559 946602 942496 0.000968654 0.00116111
425.934 953940 951282 0.000943614 0.00114129
429.381 961278 960244 0.000929553 0.00112152
432.749 968616 968991 0.000931094 0.00110264
436.079 975954 977625 0.000937928 0.00108441
439.298 983292 985961 0.000937176 0.00106716
442.536 990630 994336 0.000925229 0.00105019
445.743 997968 1.00262e+06 0.000930443 0.00103373
448.854 1005306 1.01064e+06 0.000932307 0.00101811
451.961 1012644 1.01865e+06 0.000921931 0.00100282
455.056 1019982 1.02661e+06 0.000919164 0.000987899
458.097 1027320 1.03442e+06 0.000929054 0.000973527
461.046 1034658 1.04199e+06 0.000940903 0.00095986
463.937 1041996 1.04939e+06 0.000921979 0.000946716
466.931 1049334 1.05706e+06 0.000883058 0.000933357
470.002 1056672 1.0649e+06 0.000870719 0.000919917
473.003 1064010 1.07256e+06 0.000865267 0.000907038
476.035 1071348 1.08029e+06 0.000856285 0.000894272
479.022 1078686 1.08789e+06 0.000854492 0.000881931
481.991 1086024 1.09544e+06 0.000859525 0.000869892
484.871 1093362 1.10274e+06 0.000882889 0.000858426
487.619 1100700 1.10971e+06 0.000895408 0.000847678
490.357 1108038 1.11664e+06 0.000876767 0.000837146
493.158 1115376 1.12372e+06 0.000872397 0.000826554
495.862 1122714 1.13054e+06 0.000882257 0.000816501
498.542 1130052 1.1373e+06 0.00087875 0.0008067
501.209 1137390 1.14402e+06 0.000864603 0.000797102
503.919 1144728 1.15083e+06 0.000845582 0.00078751
506.648 1152066 1.15769e+06 0.000840888 0.000778005
509.33 1159404 1.16441e+06 0.000832319 0.000768817
512.057 1166742 1.17124e+06 0.000830689 0.000759622
514.692 1174080 1.17783e+06 0.000842391 0.000750878
517.29 1181418 1.18432e+06 0.00084661 0.000742388
519.847 1188756 1.1907e+06 0.000846392 0.00073416
522.396 1196094 1.19705e+06 0.000847258 0.00072608
524.899 1203432 1.20328e+06 0.00085067 0.000718265
527.379 1210770 1.20944e+06 0.00085157 0.000710628
529.83 1218108 1.21553e+06 0.000834079 0.000703193
532.367 1225446 1.22182e+06 0.000813686 0.000695604
534.894 1232784 1.22807e+06 0.000789227 0.000688154
537.538 1240122 1.23461e+06 0.000757135 0.000680474
540.232 1247460 1.24126e+06 0.000740617 0.000672769
542.941 1254798 1.24794e+06 0.000724838 0.000665139
545.698 1262136 1.25473e+06 0.000704215 0.000657495
548.51 1269474 1.26164e+06 0.000696048 0.000649816
551.275 1276812 1.26843e+06 0.000690596 0.000642386
554.075 1284150 1.27529e+06 0.000670172 0.000634978
556.951 1291488 1.28233e+06 0.000648622 0.000627487
559.879 1298826 1.28949e+06 0.000632106 0.000619983
562.845 1306164 1.29673e+06 0.000624574 0.000612505
565.782 1313502 1.30388e+06 0.000614981 0.00060522
568.777 1320840 1.31117e+06 0.000598822 0.000597909
571.81 1328178 1.31854e+06 0.000582954 0.000590627
574.904 1335516 1.32604e+06 0.000569463 0.000583323
578.015 1342854 1.33357e+06 0.000552439 0.000576099
581.231 1350192 1.34134e+06 0.000543961 0.000568758
584.371 1357530 1.34892e+06 0.000537807 0.000561712
587.589 1364868 1.35667e+06 0.000535944 0.000554611
590.683 1372206 1.36411e+06 0.000539184 0.0005479
593.797 1379544 1.37158e+06 0.00052849 0.000541253
596.95 1386882 1.37914e+06 0.000524795 0.000534635
600.042 1394220 1.38653e+06 0.000521628 0.000528248
603.168 1401558 1.394e+06 0.000513608 0.000521897
606.293 1408896 1.40145e+06 0.00050751 0.000515651
609.428 1416234 1.40891e+06 0.000505865 0.000509483
612.509 1423572 1.41623e+06 0.000488988 0.00050352
615.793 1430910 1.42402e+06 0.000470357 0.000497266
619.057 1438248 1.43174e+06 0.000470157 0.000491154
622.275 1445586 1.43935e+06 0.000462497 0.000485226
625.578 1452924 1.44714e+06 0.000450875 0.000479242
628.894 1460262 1.45495e+06 0.000443005 0.000473334
632.243 1467600 1.46282e+06 0.000436098 0.000467465
635.593 1474938 1.47068e+06 0.000427372 0.000461692
639.007 1482276 1.47867e+06 0.000416245 0.000455908
642.464 1489614 1.48675e+06 0.000409865 0.00045015
645.91 1496952 1.49479e+06 0.000407597 0.000444507
649.332 1504290 1.50276e+06 0.000404853 0.000438997
652.752 1511628 1.51071e+06 0.000393357 0.000433582
656.3 1518966 1.51893e+06 0.000383937 0.000428059
659.814 1526304 1.52707e+06 0.00038246 0.000422681
663.314 1533642 1.53515e+06 0.000379655 0.000417415
666.806 1540980 1.5432e+06 0.000376468 0.000412249
670.291 1548318 1.55122e+06 0.000371469 0.000407178
673.803 1555656 1.55929e+06 0.000366516 0.000402152
677.309 1562994 1.56733e+06 0.000358385 0.000397218
680.906 1570332 1.57556e+06 0.000353758 0.000392239
684.43 1577670 1.5836e+06 0.000355978 0.000387444
687.91 1585008 1.59153e+06 0.000353416 0.000382785
691.413 1592346 1.5995e+06 0.000351148 0.000378171
694.868 1599684 1.60734e+06 0.000350073 0.000373694
698.323 1607022 1.61516e+06 0.00034976 0.000369287
701.715 1614360 1.62283e+06 0.000352865 0.000365027
705.044 1621698 1.63035e+06 0.000354339 0.000360911
708.346 1629036 1.63778e+06 0.000352055 0.000356891
711.656 1636374 1.64522e+06 0.000350764 0.00035292
714.92 1643712 1.65255e+06 0.000346547 0.000349062
718.249 1651050 1.66e+06 0.000333958 0.000345186
721.698 1658388 1.66772e+06 0.000322092 0.00034123
725.21 1665726 1.67555e+06 0.000308281 0.000337265
728.901 1673064 1.68377e+06 0.000297674 0.000333165
732.595 1680402 1.69198e+06 0.000297578 0.000329128
736.214 1687740 1.7e+06 0.000294294 0.000325236
739.916 1695078 1.70819e+06 0.00028787 0.000321318
743.624 1702416 1.71638e+06 0.000277297 0.000317457
747.531 1709754 1.72499e+06 0.00026593 0.000313456
751.483 1717092 1.73368e+06 0.000262715 0.000309479
755.403 1724430 1.74228e+06 0.000258194 0.000305599
759.409 1731768 1.75105e+06 0.000250737 0.000301702
763.479 1739106 1.75994e+06 0.000246859 0.00029781
767.525 1746444 1.76876e+06 0.000247108 0.000294008
771.503 1753782 1.7774e+06 0.00024148 0.000290334
775.65 1761120 1.7864e+06 0.000234325 0.000286568
779.787 1768458 1.79535e+06 0.000234668 0.000282877
783.835 1775796 1.80409e+06 0.000234159 0.000279326
787.904 1783134 1.81286e+06 0.00023112 0.000275816
791.974 1790472 1.8216e+06 0.000225897 0.000272366
796.147 1797810 1.83055e+06 0.000222303 0.000268888
800.263 1805148 1.83936e+06 0.000220624 0.000265515
804.412 1812486 1.84821e+06 0.000218014 0.000262172
808.542 1819824 1.85701e+06 0.000213683 0.000258901
812.772 1827162 1.86599e+06 0.000210075 0.000255607
816.958 1834500 1.87486e+06 0.000207519 0.000252402
821.204 1841838 1.88384e+06 0.000204545 0.000249206
825.424 1849176 1.89274e+06 0.000207659 0.000246083
829.459 1856514 1.90124e+06 0.00021108 0.000243146
833.466 1863852 1.90965e+06 0.000213027 0.000240276
837.352 1871190 1.91779e+06 0.000216967 0.000237536
841.144 1878528 1.92572e+06 0.000214486 0.000234902
845.047 1885866 1.93386e+06 0.000207931 0.000232232
849.009 1893204 1.94211e+06 0.000202574 0.000229563
853.045 1900542 1.95049e+06 0.000201692 0.000226886
856.966 1907880 1.95862e+06 0.00019993 0.000224325
860.999 1915218 1.96696e+06 0.000195652 0.000221733
865.019 1922556 1.97525e+06 0.000190488 0.000219187
869.191 1929894 1.98384e+06 0.000183279 0.000216587
873.453 1937232 1.99259e+06 0.000179069 0.000213973
877.74 1944570 2.00138e+06 0.000175654 0.000211386
882.082 1951908 2.01025e+06 0.00017496 0.000208809
886.32 1959246 2.0189e+06 0.000176238 0.000206334
890.518 1966584 2.02744e+06 0.000175213 0.000203921
894.725 1973922 2.03598e+06 0.000175241 0.000201541
898.843 1981260 2.04432e+06 0.000174302 0.000199246
903.018 1988598 2.05275e+06 0.000170204 0.000196956
907.258 1995936 2.0613e+06 0.000169312 0.000194666
911.398 2003274 2.06963e+06 0.000170107 0.000192464
915.523 2010612 2.0779e+06 0.000169777 0.000190303
919.605 2017950 2.08608e+06 0.000169822 0.000188197
923.655 2025288 2.09417e+06 0.000167352 0.000186138
927.785 2032626 2.1024e+06 0.000163088 0.00018407
931.974 2039964 2.11073e+06 0.000160478 0.000182002
936.164 2047302 2.11904e+06 0.000159876 0.000179966
940.309 2054640 2.12725e+06 0.000160625 0.000177981
944.387 2061978 2.13531e+06 0.000161481 0.000176057
948.419 2069316 2.14325e+06 0.000162095 0.000174182
952.397 2076654 2.15108e+06 0.000160509 0.000172358
956.44 2083992 2.15901e+06 0.000158306 0.000170531
960.462 2091330 2.16689e+06 0.000155569 0.000168739
964.578 2098668 2.17493e+06 0.000155555 0.00016693
968.532 2106006 2.18264e+06 0.000157814 0.000165218
972.467 2113344 2.19029e+06 0.000157729 0.000163537
976.362 2120682 2.19786e+06 0.000159038 0.000161895
980.17 2128020 2.20523e+06 0.000160741 0.000160311
983.924 2135358 2.21249e+06 0.000161102 0.00015877
987.659 2142696 2.2197e+06 0.000162688 0.000157257
991.284 2150034 2.22668e+06 0.000166592 0.000155806
994.793 2157372 2.23343e+06 0.000168313 0.000154419
998.295 2164710 2.24014e+06 0.000166867 0.000153051
1001.82 2172048 2.24689e+06 0.00016952 0.000151692
1005.16 2179386 2.25328e+06 0.000169115 0.000150416
1008.65 2186724 2.25994e+06 0.000163394 0.0001491
1012.19 2194062 2.26667e+06 0.000159261 0.000147782
1015.81 2201400 2.27356e+06 0.000158907 0.000146448
1019.31 2208738 2.2802e+06 0.000159737 0.000145174
1022.84 2216076 2.28689e+06 0.000156964 0.000143903
1026.42 2223414 2.29365e+06 0.00015363 0.000142632
1030.06 2230752 2.30052e+06 0.000151323 0.000141354
1033.69 2238090 2.30736e+06 0.000150374 0.000140093
1037.33 2245428 2.31419e+06 0.000150379 0.000138847
1040.91 2252766 2.32091e+06 0.000149055 0.000137632
1044.56 2260104 2.32774e+06 0.000146947 0.000136411
1048.2 2267442 2.33454e+06 0.000146529 0.000135208
1051.81 2274780 2.34128e+06 0.000144449 0.000134025
1055.5 2282118 2.34815e+06 0.00014387 0.000132833
1059.1 2289456 2.35483e+06 0.00014414 0.000131684
1062.73 2296794 2.36156e+06 0.000144512 0.000130539
1066.26 2304132 2.36809e+06 0.000143657 0.000129438
1069.88 2311470 2.37478e+06 0.00014177 0.000128321
1073.45 2318808 2.38138e+06 0.000143436 0.000127231
1076.94 2326146 2.3878e+06 0.000146273 0.000126178
1080.34 2333484 2.39404e+06 0.00014726 0.000125166
1083.74 2340822 2.40027e+06 0.000148175 0.000124162
1087.05 2348160 2.40634e+06 0.000149615 0.000123196
1090.34 2355498 2.41236e+06 0.000150227 0.000122244
1093.59 2362836 2.41828e+06 0.000149479 0.000121316
1096.88 2370174 2.42427e+06 0.000147649 0.000120386
1100.16 2377512 2.43024e+06 0.000145763 0.000119465
1103.5 2384850 2.4363e+06 0.000145116 0.000118541
1106.77 2392188 2.44223e+06 0.000146668 0.000117642
1110 2399526 2.44807e+06 0.000145998 0.000116766
1113.26 2406864 2.45397e+06 0.000144407 0.000115887
1116.52 2414202 2.45985e+06 0.000143169 0.00011502
1119.81 2421540 2.46576e+06 0.000139763 0.000114154
1123.19 2428878 2.47183e+06 0.000138267 0.000113272
1126.5 2436216 2.47778e+06 0.000139138 0.000112416
1129.8 2443554 2.48369e+06 0.000137805 0.000111573
1133.14 2450892 2.48967e+06 0.000136375 0.000110727
1136.47 2458230 2.49561e+06 0.000137251 0.000109894
1139.73 2465568 2.50142e+06 0.000139703 0.000109085
1142.91 2472906 2.50707e+06 0.00014187 0.000108305
1146.03 2480244 2.51262e+06 0.00014323 0.000107544
1149.11 2487582 2.51809e+06 0.000140767 0.000106802
1152.32 2494920 2.52376e+06 0.000137982 0.000106037
1155.49 2502258 2.52937e+06 0.000135453 0.000105287
1158.77 2509596 2.53516e+06 0.000135016 0.000104518
1161.93 2516934 2.54073e+06 0.000133394 0.000103785
1165.26 2524272 2.54658e+06 0.000128263 0.000103021
1168.64 2531610 2.55251e+06 0.000125035 0.000102252
1172.1 2538948 2.55858e+06 0.000123088 0.000101473
1175.54 2546286 2.56461e+06 0.000123752 0.000100705
1178.93 2553624 2.57052e+06 0.000123439 9.99587e-05
1182.35 2560962 2.5765e+06 0.000120289 9.92106e-05
1185.87 2568300 2.58263e+06 0.000118111 9.84493e-05
1189.38 2575638 2.58873e+06 0.000117314 9.76978e-05
1192.91 2582976 2.59485e+06 0.000115066 9.69508e-05
1196.51 2590314 2.6011e+06 0.000114599 9.61947e-05
1200.03 2597652 2.60717e+06 0.000115078 9.54657e-05
1203.56 2604990 2.61327e+06 0.000113361 9.47397e-05
1207.14 2612328 2.61943e+06 0.000113403 9.40123e-05
1210.63 2619666 2.62544e+06 0.00011417 9.33099e-05
1214.12 2627004 2.63143e+06 0.000114019 9.26146e-05
1217.58 2634342 2.63736e+06 0.000112931 9.19321e-05
1221.09 2641680 2.64338e+06 0.000110375 9.12453e-05
1224.67 2649018 2.64949e+06 0.000108971 9.05531e-05
1228.24 2656356 2.65557e+06 0.000108479 8.98706e-05
1231.81 2663694 2.66165e+06 0.000108851 8.91939e-05
1235.31 2671032 2.6676e+06 0.000108535 8.85373e-05
1238.86 2678370 2.67362e+06 0.000106952 8.78777e-05
1242.43 2685708 2.67966e+06 0.000108233 8.72223e-05
1245.85 2693046 2.68545e+06 0.000110599 8.65983e-05
1249.23 2700384 2.69115e+06 0.000111612 8.59892e-05
1252.56 2707722 2.69676e+06 0.000111377 8.53944e-05
1255.91 2715060 2.7024e+06 0.000109146 8.48005e-05
1259.34 2722398 2.70816e+06 0.000106192 8.41991e-05
1262.85 2729736 2.71404e+06 0.000104763 8.35902e-05
1266.33 2737074 2.71987e+06 0.000104047 8.29907e-05
1269.85 2744412 2.72574e+06 0.000103087 8.23918e-05
1273.36 2751750 2.7316e+06 0.000100727 8.17994e-05
1277 2759088 2.73766e+06 9.79107e-05 8.11913e-05
1280.67 2766426 2.74377e+06 9.66342e-05 8.05833e-05
1284.36 2773764 2.7499e+06 9.59562e-05 7.99784e-05
1288.05 2781102 2.756e+06 9.52525e-05 7.9381e-05
1291.76 2788440 2.76213e+06 9.45267e-05 7.87862e-05
1295.45 2795778 2.76823e+06 9.4371e-05 7.81984e-05
1299.13 2803116 2.77429e+06 9.25289e-05 7.76201e-05
1302.93 2810454 2.78054e+06 8.83824e-05 7.70278e-05
1306.91 2817792 2.78708e+06 8.69162e-05 7.64142e-05
1310.8 2825130 2.79345e+06 8.73427e-05 7.58214e-05
1314.69 2832468 2.79982e+06 8.63848e-05 7.52334e-05
1318.62 2839806 2.80623e+06 8.51904e-05 7.4647e-05
1322.58 2847144 2.81268e+06 8.47767e-05 7.40619e-05
1326.5 2854482 2.81905e+06 8.49024e-05 7.34888e-05
1330.4 2861820 2.82538e+06 8.39493e-05 7.29242e-05
1334.36 2869158 2.8318e+06 8.36106e-05 7.23569e-05
1338.24 2876496 2.83808e+06 8.38064e-05 7.18059e-05
1342.14 2883834 2.84437e+06 8.34079e-05 7.1259e-05
1346.01 2891172 2.85062e+06 8.33285e-05 7.07203e-05
1349.87 2898510 2.85683e+06 8.28398e-05 7.01896e-05
1353.75 2905848 2.86305e+06 8.27704e-05 6.96615e-05
1357.57 2913186 2.86918e+06 8.21475e-05 6.91464e-05
1361.47 2920524 2.87541e+06 7.97785e-05 6.86268e-05
1365.47 2927862 2.8818e+06 7.84049e-05 6.80977e-05
1369.45 2935200 2.88815e+06 7.8348e-05 6.75767e-05
1373.42 2942538 2.89446e+06 7.86768e-05 6.70637e-05
1377.32 2949876 2.90066e+06 7.81598e-05 6.65633e-05
1381.29 2957214 2.90696e+06 7.63396e-05 6.60596e-05
1385.34 2964552 2.91336e+06 7.50288e-05 6.55515e-05
1389.41 2971890 2.91978e+06 7.43603e-05 6.50465e-05
1393.48 2979228 2.9262e+06 7.34141e-05 6.45457e-05
1397.6 2986566 2.93268e+06 7.25896e-05 6.40442e-05
1401.71 2993904 2.93915e+06 7.16302e-05 6.35483e-05
1405.9 3001242 2.9457e+06 7.12406e-05 6.30499e-05
1410.01 3008580 2.95214e+06 7.08892e-05 6.25647e-05
1414.18 3015918 2.95866e+06 6.86921e-05 6.20775e-05
1418.51 3023256 2.9654e+06 6.74034e-05 6.15776e-05
1422.79 3030594 2.97206e+06 6.57076e-05 6.10881e-05
1427.29 3037932 2.97904e+06 6.40901e-05 6.05799e-05
1431.74 3045270 2.98594e+06 6.37331e-05 6.00825e-05
1436.23 3052608 2.99288e+06 6.33431e-05 5.95861e-05
1440.68 3059946 2.99974e+06 6.24536e-05 5.90996e-05
1445.24 3067284 3.00676e+06 6.15097e-05 5.86064e-05
1449.77 3074622 3.01373e+06 6.07084e-05 5.81219e-05
1454.39 3081960 3.02081e+06 5.97466e-05 5.7633e-05
1459.01 3089298 3.02788e+06 6.01628e-05 5.71501e-05
1463.51 3096636 3.03476e+06 6.01902e-05 5.66845e-05
1468.07 3103974 3.0417e+06 5.87816e-05 5.62183e-05
1472.73 3111312 3.04879e+06 5.78426e-05 5.57469e-05
1477.38 3118650 3.05585e+06 5.79382e-05 5.52819e-05
1481.96 3125988 3.0628e+06 5.71473e-05 5.48281e-05
1486.68 3133326 3.06993e+06 5.41441e-05 5.43666e-05
1491.72 3140664 3.07753e+06 5.23764e-05 5.38792e-05
1496.7 3148002 3.08502e+06 5.21149e-05 5.34033e-05
1501.72 3155340 3.09257e+06 5.08286e-05 5.29291e-05
1506.89 3162678 3.10031e+06 4.91177e-05 5.24473e-05
1512.2 3170016 3.10824e+06 4.75385e-05 5.19584e-05
1517.63 3177354 3.11635e+06 4.64963e-05 5.14637e-05
1523.1 3184692 3.12448e+06 4.53008e-05 5.09725e-05
1528.74 3192030 3.13286e+06 4.34648e-05 5.04721e-05
1534.6 3199368 3.14152e+06 4.17212e-05 4.99601e-05
1540.63 3206706 3.15043e+06 4.07247e-05 4.94395e-05
1546.68 3214044 3.15934e+06 3.99686e-05 4.89249e-05
1552.84 3221382 3.16839e+06 3.87295e-05 4.84076e-05
1559.18 3228720 3.17768e+06 3.84161e-05 4.78834e-05
1565.35 3236058 3.18669e+06 3.87964e-05 4.73807e-05
1571.47 3243396 3.1956e+06 3.86266e-05 4.68888e-05
1577.59 3250734 3.2045e+06 3.81426e-05 4.64033e-05
1583.77 3258072 3.21346e+06 3.70086e-05 4.59203e-05
1590.17 3265410 3.22271e+06 3.59885e-05 4.54268e-05
1596.61 3272748 3.23198e+06 3.54291e-05 4.49382e-05
1603.1 3280086 3.24132e+06 3.48902e-05 4.44515e-05
1609.63 3287424 3.25068e+06 3.48931e-05 4.397e-05
1616.02 3294762 3.25982e+06 3.50651e-05 4.35049e-05
